-1.774114041699457189e+00 2.631901838345410027e+00 -4.650479500572036500e+02
-1.778064294165784487e+00 2.627146711385982325e+00 -4.784412764095316675e+02
-1.779166152950625968e+00 2.644520740239292067e+00 -4.672851227255012532e+02
-1.776527416531376469e+00 2.630182785991140193e+00 -4.685431403145256013e+02
-1.776855509075396578e+00 2.636354517794278873e+00 -4.651905331170049180e+02
-1.777270139999831855e+00 2.639975805064285197e+00 -4.660241168301558332e+02
-1.780891049430874729e+00 2.654472056305265060e+00 -4.788913079104911503e+02
-1.740518905420080475e+00 2.576218817917228510e+00 -4.865582275103583356e+02
-1.782729381070378372e+00 2.648233278253213197e+00 -4.667926575631700530e+02
-1.755612084390509864e+00 2.600435351763397573e+00 -4.714988035679420477e+02
-1.785927394294781534e+00 2.646894234738623286e+00 -4.699933784369345631e+02
-1.787999251900354469e+00 2.652423328055875107e+00 -4.693939692430099058e+02
-1.787679767977740086e+00 2.653828529777004785e+00 -4.685308523306408119e+02
-1.742850093990424565e+00 2.585266193494019316e+00 -4.875086598248450400e+02
-1.757552008359318574e+00 2.604567285121626607e+00 -4.702406246949708475e+02
-1.763798852659409722e+00 2.610721142579484066e+00 -4.685282436699690152e+02
-1.783132954475977083e+00 2.642659105198334135e+00 -4.685032286711890492e+02
-1.749001581731030486e+00 2.585049657804927126e+00 -4.789750230565718994e+02
-1.769437338655788228e+00 2.620042171749597415e+00 -4.670837349238164506e+02
-1.749116910893093735e+00 2.589588696685636293e+00 -4.768432817112888529e+02
-1.773727631977422226e+00 2.636324372783449999e+00 -4.676961308080233266e+02
-1.797039064838291011e+00 2.686234287670927312e+00 -5.013770414750088662e+02
-1.740937832059749724e+00 2.583186522413038144e+00 -4.915047546784998076e+02
-1.759138413863902128e+00 2.613124191325310264e+00 -4.735502391093175447e+02
-1.769932965841526151e+00 2.625562289608928346e+00 -4.654235737547872418e+02
-1.796276093239438820e+00 2.669732609628630016e+00 -4.741927111926304974e+02
-1.761923443896451946e+00 2.614435434008710590e+00 -4.687986595101752414e+02
-1.737571651655802407e+00 2.567680698307165610e+00 -4.909606756046297278e+02
-1.791825662240648098e+00 2.655988278408659031e+00 -4.740120975115893884e+02
-1.762418670295206491e+00 2.614495655358767490e+00 -4.681502137491392546e+02
-1.772436007444713413e+00 2.629511590435194002e+00 -4.651194000984118020e+02
-1.780776677577835310e+00 2.640331763201192228e+00 -4.666450478684067207e+02
-1.800737831134465727e+00 2.692037955309121600e+00 -5.035801783342118370e+02
-1.785681243996255496e+00 2.646518959946334792e+00 -4.698513428486211296e+02
-1.782004694835969349e+00 2.635730710082039963e+00 -4.751681256160800899e+02
-1.781898580332655468e+00 2.636340517311113629e+00 -4.737058008508776084e+02
-1.766705272534604410e+00 2.623589307080258060e+00 -4.678463297148608149e+02
-1.770745296257284718e+00 2.625044412550714856e+00 -4.654059002153289839e+02
-1.767859155588723974e+00 2.618359325720407416e+00 -4.667117170834728199e+02
-1.759936274116827626e+00 2.609993863303426309e+00 -4.692238218629838684e+02
-1.768653255930287882e+00 2.621100768585205909e+00 -4.658732913623518357e+02
-1.765581355321904411e+00 2.620882929525350846e+00 -4.675564367858056585e+02
-1.760586282765599586e+00 2.597176142667110721e+00 -4.828832021021247556e+02
-1.791965582900606924e+00 2.673782980670032838e+00 -4.858656742385243206e+02
-1.746122947164730599e+00 2.592715018296158469e+00 -4.866075880851576017e+02
-1.766837131997743837e+00 2.620383824874771950e+00 -4.660933028027033060e+02
-1.767400913612060975e+00 2.631438722700623067e+00 -4.780244677293935638e+02
-1.779207382852119101e+00 2.645926429518224321e+00 -4.686180587637887811e+02
-1.769158583928348794e+00 2.621226899044929226e+00 -4.660672265049014413e+02
-1.773856576856275513e+00 2.630693850070547679e+00 -4.651106456478624978e+02
-1.780396464636865517e+00 2.648981865455384721e+00 -4.701882935680166611e+02
-1.765301623139093889e+00 2.626581172468203551e+00 -4.758443224455853056e+02
-1.742408016800441661e+00 2.590882224216680463e+00 -5.004539286186496838e+02
-1.762312200028903542e+00 2.608179772787844186e+00 -4.691724797174776995e+02
-1.766497344903550593e+00 2.615823534207993628e+00 -4.672208228477920784e+02
-1.788935853856410629e+00 2.658479945102092401e+00 -4.694390270920985131e+02
-1.773757379593875250e+00 2.627545484744038706e+00 -4.664885754122394701e+02
-1.793190205100187562e+00 2.672455000686810411e+00 -4.794703108588136047e+02
-1.762677331881740805e+00 2.613151245162832037e+00 -4.675283010561697097e+02
-1.754604772367488463e+00 2.604381423941489970e+00 -4.751886921673732331e+02
-1.759337553533365517e+00 2.608055546880246656e+00 -4.692633884980755852e+02
-1.788706955822597422e+00 2.666800572427185934e+00 -4.803050861137894003e+02
-1.771752630137201745e+00 2.628743527961574067e+00 -4.652193444774781597e+02
-1.780352933308529950e+00 2.635434708378529667e+00 -4.706569907305823222e+02
-1.736821915376957071e+00 2.572283546112013042e+00 -4.926819955086961045e+02
-1.769278953221534278e+00 2.628199297837044313e+00 -4.674997156287515168e+02
-1.799273845989880272e+00 2.685469561260130700e+00 -4.904554420683113563e+02
-1.786890659194702247e+00 2.651791436460746887e+00 -4.683162725639635937e+02
-1.772913036694860001e+00 2.628163821202589734e+00 -4.653769465876072218e+02
-1.776126918536261146e+00 2.615849114292475353e+00 -5.029632290933679428e+02
-1.759583947738792231e+00 2.616397279726208502e+00 -4.773280596494637393e+02
-1.783170460712101502e+00 2.648807281416198478e+00 -4.668766533930436253e+02
-1.755267246708551943e+00 2.598952369002548668e+00 -4.718750734847927788e+02
-1.782676164752538206e+00 2.638323936358177413e+00 -4.728032196853340565e+02
-1.783610035271753214e+00 2.653445642988825348e+00 -4.699771941186264712e+02
-1.798160375032402891e+00 2.678023781142615523e+00 -4.793362158415293379e+02
-1.757785063693518834e+00 2.600076767020100377e+00 -4.719504151615923888e+02
-1.773892356153808469e+00 2.629710506639725942e+00 -4.653866471774764477e+02
-1.758446604264606306e+00 2.607917323487721983e+00 -4.702604864060922978e+02
-1.775407067126174132e+00 2.633623420545936344e+00 -4.650999014219914898e+02
-1.774477162897363680e+00 2.630726291897987679e+00 -4.653759263609632626e+02
-1.795572911733565702e+00 2.661844618072306545e+00 -4.771755483317923563e+02
-1.759668174082989367e+00 2.606250780269242728e+00 -4.691456649586260141e+02
-1.780562797330984992e+00 2.641738456361271137e+00 -4.659213593695606619e+02
-1.786453459137837374e+00 2.657012740916785631e+00 -4.698955122700053266e+02
-1.794325129481102898e+00 2.671310218011908599e+00 -4.758250826121347927e+02
-1.765055260018332683e+00 2.614483759799151930e+00 -4.670683223930651025e+02
-1.754904103708097907e+00 2.599872360357739165e+00 -4.720091940312516385e+02
-1.783071813040638443e+00 2.656585456762425856e+00 -4.761896416492056687e+02
-1.792828917518736409e+00 2.664584741514004484e+00 -4.717256086921306633e+02
-1.765039863340519100e+00 2.618698519089457832e+00 -4.670293104604201631e+02
-1.779315773722834226e+00 2.656938351896529049e+00 -4.932315209239247906e+02
-1.753430979532044187e+00 2.602281283606544982e+00 -4.759572622477233494e+02
-1.769949836679122201e+00 2.625886120622481279e+00 -4.654716245641932346e+02
-1.811938664775190055e+00 2.700231017859025417e+00 -4.941663575798761485e+02
-1.764564109148984983e+00 2.619440654962776449e+00 -4.680967379436065698e+02
-1.766632068336567052e+00 2.628508244561111873e+00 -4.748260427802902086e+02
-1.764745132598019906e+00 2.619668612872256386e+00 -4.679756183922733044e+02
-1.763578092785976992e+00 2.608267603870266793e+00 -4.706668205734897583e+02
-1.800046010675558694e+00 2.676059002305221313e+00 -4.775344660112136808e+02
-1.752842264059676580e+00 2.596899583219516749e+00 -4.736541298239467892e+02
-1.797823123031394799e+00 2.678187490145695904e+00 -4.799806326926239421e+02
-1.759236840711387417e+00 2.601493549493082647e+00 -4.721114773100455295e+02
-1.776433611638506216e+00 2.635272750575536005e+00 -4.651764659383059666e+02
-1.764958268456697787e+00 2.629658387576125467e+00 -4.845940243308352251e+02
-1.776365831265565687e+00 2.630727004389138646e+00 -4.676419149761071594e+02
-1.785266671765354474e+00 2.656668990504545302e+00 -4.711570379745861601e+02
-1.753661074005741893e+00 2.613314856749194171e+00 -4.992475324917866146e+02
-1.781858905402896820e+00 2.643927142561469879e+00 -4.662599209709585466e+02
-1.790307821623616125e+00 2.660856219037128767e+00 -4.702571669924168987e+02
-1.750137299878959496e+00 2.593156785381968366e+00 -4.761975184320284029e+02
-1.768181265743842934e+00 2.622272316678509796e+00 -4.657191688588777652e+02
-1.762640522667448639e+00 2.613507633572768274e+00 -4.676053166822483718e+02
-1.765529602189729097e+00 2.597529193195258657e+00 -5.061938174729659750e+02
-1.787808891756609064e+00 2.651972779215990172e+00 -4.693725447628223151e+02
-1.752766621841215899e+00 2.604937910380114463e+00 -4.820846642865686817e+02
-1.786652735191706531e+00 2.651776032987423370e+00 -4.681009346737762371e+02
-1.753331199890407754e+00 2.596696617955022823e+00 -4.731880205031382047e+02
-1.747021725136496340e+00 2.587546231906152627e+00 -4.791141575447352352e+02
-1.785452739819754386e+00 2.647521361437143561e+00 -4.686064505216020279e+02
-1.793293291486216301e+00 2.664030408818269358e+00 -4.718614386297834926e+02
-1.763222123780515904e+00 2.612753055438160832e+00 -4.673410419966625113e+02
-1.767892750844826111e+00 2.619656956066426012e+00 -4.660964526843906697e+02
-1.790201899640812666e+00 2.657800768303553607e+00 -4.699595577677525853e+02
-1.810237809375096596e+00 2.699147581745657831e+00 -4.940640521776907121e+02
-1.795656266489002784e+00 2.675607619424397843e+00 -4.796990660063599421e+02
-1.764318999192267423e+00 2.607344073500226234e+00 -4.734541947489091172e+02
-1.776981482124280420e+00 2.638361405814699356e+00 -4.654788122392665173e+02
-1.783628141595675398e+00 2.646361442077278081e+00 -4.669595649366196426e+02
-1.760567792444233115e+00 2.603924184316778856e+00 -4.712043043105764468e+02
-1.773220126375445238e+00 2.633793574167228702e+00 -4.662451843619645047e+02
-1.796261234310412958e+00 2.675707797430158852e+00 -4.788305482861554765e+02
-1.802151579490733679e+00 2.678576914216007410e+00 -4.795551873318265166e+02
-1.749076547159642558e+00 2.583195351612728174e+00 -4.810925291297223794e+02
-1.770248023790854885e+00 2.632078155892684901e+00 -4.699181374256743879e+02
-1.762352417148699502e+00 2.611675081260229625e+00 -4.676624297794473364e+02
-1.786153281192341069e+00 2.652954490534000342e+00 -4.678195961174189961e+02
-1.797777063739917969e+00 2.669977245148885459e+00 -4.756272108786167792e+02
-1.768187917646515839e+00 2.617646686333773509e+00 -4.675779783834761361e+02
-1.775978046303969826e+00 2.628532164708338836e+00 -4.694048565404049782e+02
-1.759984060746649259e+00 2.616752329060140880e+00 -4.765254967643255668e+02
-1.778334584311568989e+00 2.632399984351832867e+00 -4.697864290233978295e+02
-1.776374832285336103e+00 2.636110582197242813e+00 -4.651608000046420557e+02
-1.802420984833085216e+00 2.666504929469446061e+00 -4.960854978087922404e+02
-1.767539272399863526e+00 2.624490585185454972e+00 -4.672234358204877367e+02
-1.764013271210606915e+00 2.615712200059853387e+00 -4.670286766656814166e+02
-1.787171253322983766e+00 2.656895353777796842e+00 -4.692100248326601672e+02
-1.757403695701026614e+00 2.606180848952386331e+00 -4.709108790725350673e+02
-1.795655451679422310e+00 2.669293473649246629e+00 -4.738222134367701415e+02
-1.783333157729945162e+00 2.650809783794923824e+00 -4.678503710852231166e+02
-1.761382783776554550e+00 2.612317509167056073e+00 -4.684438686215594885e+02
-1.772621586527466375e+00 2.633617590624797611e+00 -4.669224803504805550e+02
-1.776167849598123460e+00 2.642933885643950820e+00 -4.710570117856381671e+02
-1.767163922195849501e+00 2.617596982387354387e+00 -4.666493927292451076e+02
-1.784944062452071600e+00 2.650404584081925918e+00 -4.672408509239289174e+02
-1.778337824562388869e+00 2.644079147326823698e+00 -4.680430006085488230e+02
-1.796855132215415596e+00 2.660901492223691100e+00 -4.828840809649327639e+02
-1.779420140142582429e+00 2.644632797353216436e+00 -4.670767600680150053e+02
-1.786482427590529110e+00 2.657479175688068906e+00 -4.703086340924638762e+02
-1.776999894544537772e+00 2.643624812180221273e+00 -4.700780158684879098e+02
-1.787999780273167305e+00 2.655105528440768303e+00 -4.686280462653240875e+02
-1.766360183351047608e+00 2.617156443074294181e+00 -4.664694238852757735e+02
-1.776700653415943076e+00 2.635243761531463669e+00 -4.652752466644924425e+02
-1.764676355434017241e+00 2.621196058427971654e+00 -4.694744661874858593e+02
-1.784296192214020360e+00 2.635942101531656423e+00 -4.841079581232946225e+02
-1.756693236710516137e+00 2.609544989316810781e+00 -4.758160757166391477e+02
-1.749948274854232988e+00 2.594919341479704045e+00 -4.775524938609208903e+02
-1.753336528928004512e+00 2.587829175148990135e+00 -4.814349977467654185e+02
-1.783884335965789880e+00 2.653096571122318448e+00 -4.692054219458246962e+02
-1.754538184033310966e+00 2.600278773082885575e+00 -4.724612906331428235e+02
-1.799986637930397704e+00 2.682739629333128040e+00 -4.833539666850067533e+02
-1.755137950377367195e+00 2.593928793045514158e+00 -4.754577377573228318e+02
-1.768787980666562065e+00 2.633859363911605467e+00 -4.779042896764147486e+02
-1.794139163731207853e+00 2.666053235250501974e+00 -4.725149808776385498e+02
-1.759646879728512747e+00 2.611341957923503987e+00 -4.704722132458764463e+02
-1.760114326878525759e+00 2.610954699467629592e+00 -4.694415799634383575e+02
-1.772838286314911915e+00 2.630270874193284758e+00 -4.651052180407567676e+02
-1.749896653053812479e+00 2.592733796920750233e+00 -4.764122274670886554e+02
-1.774451782931655508e+00 2.633827610606607639e+00 -4.652391303392900568e+02
-1.787324795230958552e+00 2.648094374475177926e+00 -4.718798738744606567e+02
-1.773780577831416183e+00 2.632752581561512262e+00 -4.652539605908160070e+02
-1.758018317124134144e+00 2.603929024943151038e+00 -4.699928484288996628e+02
-1.770309328278540040e+00 2.630356293734419371e+00 -4.677376743973633211e+02
-1.777467852856115860e+00 2.647652636565841711e+00 -4.758489385248836925e+02
-1.775715736134085843e+00 2.624501811442685018e+00 -4.753988876085584820e+02
-1.760456895443820446e+00 2.612629539977600501e+00 -4.699804081893897205e+02
-1.774586499482810886e+00 2.629370375581056685e+00 -4.661791189532801809e+02
-1.791788828277967927e+00 2.666386748833625475e+00 -4.733021212761589709e+02
-1.757928995473859279e+00 2.605701852061476753e+00 -4.700917548541034989e+02
-1.767464131143251072e+00 2.618631984934554513e+00 -4.663193898385324019e+02
-1.763255109974012580e+00 2.611470722165341041e+00 -4.677321451786982038e+02
-1.754589490849400857e+00 2.593490520672567357e+00 -4.752876595891549414e+02
-1.771820647039695551e+00 2.634519269663048835e+00 -4.694600178682258047e+02
-1.766429679878497305e+00 2.621926955450599728e+00 -4.670488618790902251e+02
-1.773065659630986834e+00 2.628540173663824753e+00 -4.653299369380001167e+02
-1.787389032533774236e+00 2.658344911358400342e+00 -4.701333468562486928e+02
-1.776635070853503251e+00 2.624800782580188230e+00 -4.781500668772402491e+02
-1.760975700999306115e+00 2.606092944439919457e+00 -4.696702974957416927e+02
-1.757749959157467234e+00 2.593879441793034868e+00 -4.811173394551121874e+02
-1.777361959857466367e+00 2.644919344114880388e+00 -4.711462573063192849e+02
-1.783107840775801201e+00 2.648715697079647491e+00 -4.668603527950690477e+02
-1.774237920804649482e+00 2.633724766285389318e+00 -4.653154426130258798e+02
-1.799277376186163346e+00 2.668105154205989482e+00 -4.802408755839354626e+02
-1.765942785721577035e+00 2.620039808475473020e+00 -4.666636788176134587e+02
-1.782978166727474889e+00 2.645824311912991611e+00 -4.666007776665451843e+02
-1.756838077757917338e+00 2.608487631432598874e+00 -4.740109528040766236e+02
-1.749695437259201958e+00 2.584692532339754489e+00 -4.799487296118798554e+02
-1.810939607442133781e+00 2.689109909596305581e+00 -4.917853214611532167e+02
-1.759144669755625223e+00 2.611711431064381195e+00 -4.718599248751120285e+02
-1.775386070284437068e+00 2.634605545985861497e+00 -4.651111419097534849e+02
-1.763104863283476265e+00 2.615430443490452284e+00 -4.677576505344498514e+02
-1.797258891563393357e+00 2.671637695400595369e+00 -4.750613323394459826e+02
-1.756509718373045148e+00 2.605243709811806418e+00 -4.718122334217777620e+02
-1.772799193773991755e+00 2.627622420376064305e+00 -4.655176064452472247e+02
-1.771836113908821231e+00 2.621755053755487452e+00 -4.692013185300149871e+02
-1.780561608118057082e+00 2.639636825109029417e+00 -4.667912374372772319e+02
-1.767635581642660103e+00 2.619993910695860961e+00 -4.659382322527714564e+02
-1.753923593357874289e+00 2.596678824024763355e+00 -4.728667132508472264e+02
-1.761554111896127539e+00 2.613459252595118798e+00 -4.687616381934452079e+02
-1.741919562374669939e+00 2.579173499126666158e+00 -4.849658992982500081e+02
-1.766672047852033245e+00 2.608705420974385181e+00 -4.776131650084384432e+02
-1.755303882749867483e+00 2.598048433953679126e+00 -4.721752253519596252e+02
-1.777844162907953773e+00 2.640163828629514597e+00 -4.657177226340406264e+02
-1.754082884883152893e+00 2.584736675546109641e+00 -4.906625965127840914e+02
-1.790017338668702163e+00 2.656609421661240145e+00 -4.701180108838855745e+02
-1.760134303664290023e+00 2.613224477899564580e+00 -4.711579266102108932e+02
-1.777505074505058014e+00 2.639096725128017518e+00 -4.654936863675520158e+02
-1.770879756486651191e+00 2.630524386872937992e+00 -4.669361010062365835e+02
-1.778745700270917496e+00 2.641615647285513013e+00 -4.658338142513446201e+02
-1.761998771700499899e+00 2.605771596347716379e+00 -4.711407567899547644e+02
-1.773260770167755851e+00 2.629888018192409138e+00 -4.650959415540237387e+02
-1.761291764249374614e+00 2.611611328256311371e+00 -4.683087337990818355e+02
-1.788636545993848026e+00 2.655975819709043506e+00 -4.689689943554001843e+02
-1.745576581052339815e+00 2.574633958129534328e+00 -4.887544862378601920e+02
-1.756808721948543539e+00 2.598517846036110690e+00 -4.724906255916702094e+02
-1.781983503281244774e+00 2.646511876612073877e+00 -4.664046411302305160e+02
-1.777983454470365432e+00 2.634865936653597807e+00 -4.665979844835708263e+02
-1.781180199462738534e+00 2.647774717000177525e+00 -4.676372051900505085e+02
-1.787793219959141977e+00 2.654079985289296673e+00 -4.685783203059942252e+02
-1.758252596663279821e+00 2.607551899299412224e+00 -4.703574191894997512e+02
-1.743886996644327558e+00 2.592968983042800879e+00 -4.976067840542793306e+02
-1.758117660284462369e+00 2.598636857035246273e+00 -4.739027455079946662e+02
-1.789272228603577375e+00 2.663734077523258303e+00 -4.735875374348400442e+02
-1.756335299209982326e+00 2.607672647721261061e+00 -4.743855893296849899e+02
-1.777244807269964477e+00 2.632498808744132557e+00 -4.674404845872805367e+02
-1.753567368758088163e+00 2.596456407889408347e+00 -4.730649472148655832e+02
-1.771693980770665089e+00 2.627932703312933160e+00 -4.651583467933616021e+02
-1.773481093647803819e+00 2.633220445168994228e+00 -4.656372792567843817e+02
-1.772986655934337019e+00 2.632125428052370708e+00 -4.655315005049527031e+02
-1.762681932592339962e+00 2.615803374424637617e+00 -4.685176389114243989e+02
-1.771111080040530528e+00 2.637665764066391638e+00 -4.773109310363059876e+02
-1.754294133302109593e+00 2.602821950522026029e+00 -4.743842535114662269e+02
-1.792537753102667164e+00 2.656716358075096096e+00 -4.750272884942522182e+02
-1.766788545669786714e+00 2.628191522318473083e+00 -4.737105318520112860e+02
-1.750507777570246670e+00 2.593560498631936717e+00 -4.757892114380838962e+02
-1.749693419436169295e+00 2.590610632230291088e+00 -4.763019217720258780e+02
-1.765518559378304486e+00 2.620282072954912334e+00 -4.672620765254703770e+02
-1.796638688347360180e+00 2.664977050828782890e+00 -4.765853158394102707e+02
-1.788295765373266955e+00 2.661553340337128315e+00 -4.723569513996646378e+02
-1.756743938645266345e+00 2.601002427060350453e+00 -4.709924479306795320e+02
-1.766914533391842346e+00 2.615714698838603081e+00 -4.677106867628003215e+02
-1.775367311572598084e+00 2.635893024614978319e+00 -4.654420390510047696e+02
-1.769411553353297029e+00 2.622531244610495804e+00 -4.656804557370915063e+02
-1.767839281189598877e+00 2.621134990188177305e+00 -4.657896757814206126e+02
-1.762102332075006439e+00 2.602844388378547258e+00 -4.756594618723429448e+02
-1.803248661315009382e+00 2.681029029497886462e+00 -4.807234852746287288e+02
-1.781850179200952455e+00 2.643103822031785732e+00 -4.664835701720558063e+02
-1.773589064164209361e+00 2.625336733390155608e+00 -4.683370432944076356e+02
-1.777932889871575162e+00 2.624401274014104501e+00 -4.848254020189473863e+02
-1.792779775984550295e+00 2.668556041663513678e+00 -4.745155848564954795e+02
-1.777753176871992302e+00 2.632811341072120115e+00 -4.680453096385086269e+02
-1.775277910759791355e+00 2.633344701441071134e+00 -4.651000576573273975e+02
-1.752531823063135707e+00 2.592147495323501083e+00 -4.749675875522835895e+02
-1.773122706633746715e+00 2.638614676219289024e+00 -4.723112766749527509e+02
-1.750429696725570805e+00 2.594658378585738223e+00 -4.763924311268440306e+02
-1.785548700295625846e+00 2.652866868117966792e+00 -4.678097317863511648e+02
-1.763859185688883224e+00 2.617887378920049191e+00 -4.681020029606303297e+02
-1.777884649956414709e+00 2.634482418277492410e+00 -4.667451709408521197e+02
-1.762687275263751019e+00 2.605968446906178126e+00 -4.720500966163326666e+02
-1.760655913741331791e+00 2.613457463156619642e+00 -4.702813655360869802e+02
-1.775469626774973886e+00 2.632817952407877193e+00 -4.652713627811550055e+02
-1.788862623468546520e+00 2.658369552066102592e+00 -4.694032687122003153e+02
-1.760373903652236560e+00 2.601786733738770341e+00 -4.735281470012171212e+02
-1.766221459148805684e+00 2.613751517114617950e+00 -4.686297484467286267e+02
-1.778976609636405692e+00 2.641189556496216007e+00 -4.656188189811890652e+02
-1.754629224963440759e+00 2.592454003237377069e+00 -4.766085552748616010e+02
-1.785225783956739587e+00 2.653688959715005957e+00 -4.683687301366548468e+02
-1.759042601829075680e+00 2.605184267042286006e+00 -4.694963469226851771e+02
-1.774423636678396754e+00 2.632803873039992748e+00 -4.650646803496003940e+02
-1.784044633445117878e+00 2.641621541135043660e+00 -4.717595919401599076e+02
-1.784573321719923333e+00 2.648203910637933145e+00 -4.672373002811124820e+02
-1.787133127055100301e+00 2.656082811768352148e+00 -4.687699461977767328e+02
-1.755356090293593185e+00 2.599729775587310332e+00 -4.717018731581312636e+02
-1.762209703057997956e+00 2.605597951338413765e+00 -4.716887177343385247e+02
-1.771761716712706214e+00 2.632102900908428023e+00 -4.669245916422645450e+02
-1.761249455012732890e+00 2.619673191843399973e+00 -4.773536084636419332e+02
-1.765388615361431102e+00 2.616831505585324624e+00 -4.664901917418955009e+02
-1.787844750120586967e+00 2.647391916853004457e+00 -4.742794903458482736e+02
-1.762908189960736616e+00 2.609209236568964752e+00 -4.688959707719678818e+02
-1.769951508621146363e+00 2.623646421672219731e+00 -4.655334561320995590e+02
-1.768396099948011724e+00 2.626248009440926623e+00 -4.672723875321299829e+02
-1.794610507788359177e+00 2.671552403930221420e+00 -4.757755037441850163e+02
-1.776269730718592621e+00 2.642521406646881399e+00 -4.701843994241670543e+02
-1.775488281156412329e+00 2.630474326635463100e+00 -4.665049712263742094e+02
-1.769348768299606967e+00 2.627163195010583152e+00 -4.665728125593714140e+02
-1.774376573208726660e+00 2.634448122419823957e+00 -4.655036451107640687e+02
-1.781291765698241436e+00 2.638314024295364657e+00 -4.692291262922699389e+02
-1.789135536423013262e+00 2.653537284898226378e+00 -4.705019664899247687e+02
-1.763501035857456767e+00 2.623215276454174294e+00 -4.758616627388802272e+02
-1.791327253696801458e+00 2.660131683904289446e+00 -4.705764257296871733e+02
-1.775844306881253498e+00 2.640724720741991050e+00 -4.687082269559853103e+02
-1.755054686593983115e+00 2.604865186659758969e+00 -4.745605937922418889e+02
-1.803408833154780178e+00 2.679446039892507070e+00 -4.810709693981550572e+02
-1.761099355723618975e+00 2.618617168497241909e+00 -4.759219816201119784e+02
-1.789359177101954357e+00 2.657812888369628368e+00 -4.693748157670459022e+02
-1.775916201591240418e+00 2.620721097132846733e+00 -4.854463668576355531e+02
-1.788610635285524664e+00 2.664479622179793949e+00 -4.760477701628253158e+02
-1.761328405314611212e+00 2.604746785470749781e+00 -4.713320522931850292e+02
-1.775050132502347333e+00 2.631616916255696381e+00 -4.654164613483730477e+02
-1.770281300949344772e+00 2.632125933507103888e+00 -4.699020236738137442e+02
-1.763377798382030681e+00 2.609069017671772794e+00 -4.695155226100088157e+02
-1.783278450964287165e+00 2.639271913107769318e+00 -4.730986008077448446e+02
-1.770001748298273725e+00 2.627683294011231574e+00 -4.661092641649278221e+02
-1.760551699950876570e+00 2.604790440373838667e+00 -4.703573696111627669e+02
-1.781194470445486289e+00 2.631978851376227890e+00 -4.800503565734250060e+02
-1.760381013536083117e+00 2.627878621305009599e+00 -5.066967568066893364e+02
-1.748378685500050711e+00 2.580822465761861029e+00 -4.834560034294146362e+02
-1.774316911743258673e+00 2.637542458935267842e+00 -4.679382044010799291e+02
-1.766592889522533349e+00 2.611487077978945859e+00 -4.722188781417488599e+02
-1.741360436570048131e+00 2.583801853370021107e+00 -4.908160937317241519e+02
-1.754165177387023489e+00 2.602287443786934773e+00 -4.742087772491054807e+02
-1.790728915302001623e+00 2.655927676452289443e+00 -4.716348297239071599e+02
-1.773859726600989228e+00 2.630477312688349834e+00 -4.651507860732965014e+02
-1.779176657001439343e+00 2.653788482123735637e+00 -4.841314027498937662e+02
-1.785076687949074037e+00 2.656738051644700338e+00 -4.715800737223787564e+02
-1.765589497103031702e+00 2.611836532736551586e+00 -4.697376244892012096e+02
-1.767724058208924642e+00 2.620014938570093488e+00 -4.659449865301227192e+02
-1.780809960304184036e+00 2.650001574974356178e+00 -4.707411510892654860e+02
-1.789646936091699558e+00 2.658568904197598837e+00 -4.695675947773665939e+02
-1.758192136711067999e+00 2.604206670236417054e+00 -4.698906811320119914e+02
-1.769071791140540029e+00 2.630018096761235658e+00 -4.700035170667519537e+02
-1.782556713689364081e+00 2.647524613834441265e+00 -4.665939327234560210e+02
-1.769459053271813298e+00 2.631664098328178270e+00 -4.713920751974471273e+02
-1.787891633225045185e+00 2.658402175345305096e+00 -4.697714249537003184e+02
-1.778595533461806433e+00 2.645125704535384425e+00 -4.687687913806532265e+02
-1.780034555644854022e+00 2.640297490707085970e+00 -4.659428635434458670e+02
-1.765558320826893901e+00 2.623113711745350241e+00 -4.696558770736820634e+02
-1.757059350655727492e+00 2.606533819096314541e+00 -4.716894432475245367e+02
-1.764214240291942737e+00 2.619641544878903439e+00 -4.688769199533651886e+02
-1.768284103705283439e+00 2.623531971041140665e+00 -4.658949515280614264e+02
-1.760015629467157616e+00 2.605598571896586613e+00 -4.694476727026842013e+02
-1.795979215572952814e+00 2.681915748035178293e+00 -4.926328744261224415e+02
-1.776532728655629612e+00 2.636154008273022598e+00 -4.651608950393484747e+02
-1.776624263804305937e+00 2.635183866953797693e+00 -4.652544938393716052e+02
-1.792485913628551142e+00 2.659311225604969575e+00 -4.724417423283439916e+02
-1.783285730185731222e+00 2.635829237126517288e+00 -4.798685277210920503e+02
-1.760562579627492852e+00 2.615746977106429227e+00 -4.730790546432643850e+02
-1.759862317236297935e+00 2.604451116070175321e+00 -4.700719620530488783e+02
-1.763110721691708793e+00 2.601280894398939836e+00 -4.820952677122374439e+02
-1.777638244082714758e+00 2.640904083900752930e+00 -4.662571382189306632e+02
-1.786364573415240464e+00 2.656477705688505608e+00 -4.695176149357453141e+02
-1.796881648253081165e+00 2.670315282555677960e+00 -4.746457291046488081e+02
-1.768574975665486937e+00 2.618905636392768077e+00 -4.670028934144597201e+02
-1.819524409338728166e+00 2.718379059785895890e+00 -5.149979052433322977e+02
-1.787613530271767948e+00 2.655772182173135931e+00 -4.685924803233553462e+02
-1.804696271703873478e+00 2.686915010323160047e+00 -4.838804085725528807e+02
-1.768134147320503669e+00 2.616275787985785861e+00 -4.688707683577436001e+02
-1.757083919991866860e+00 2.598916128716488139e+00 -4.723701613913648316e+02
-1.781830509312402278e+00 2.639966063466578472e+00 -4.685792074270402736e+02
-1.746553570772353181e+00 2.581606806914959584e+00 -4.808302608740584105e+02
-1.792522822870817434e+00 2.677263828130135526e+00 -4.933152426114787659e+02
-1.775581101820326912e+00 2.630273210496155478e+00 -4.667939499579538278e+02
-1.775904735485809294e+00 2.624870749080530530e+00 -4.753062189960421620e+02
-1.793621604466823172e+00 2.666218597097820719e+00 -4.723813537398737026e+02
-1.795149305953933849e+00 2.670098165249831901e+00 -4.741627199119221245e+02
-1.747448442905407129e+00 2.594271150196670206e+00 -4.841176222907552074e+02
-1.772910326359820488e+00 2.626367582815589241e+00 -4.663317712087439304e+02
-1.792348435725513944e+00 2.655987402904586236e+00 -4.754208082057349429e+02
-1.785959508141541585e+00 2.655472803060886289e+00 -4.690749406457652526e+02
-1.770255040305135807e+00 2.626370555482413494e+00 -4.654200057806983182e+02
-1.782958042108330865e+00 2.652749143885052341e+00 -4.702296673981434765e+02
-1.793511667919624131e+00 2.673771450958840390e+00 -4.811589447336409080e+02
-1.765356741352201553e+00 2.614981753120276586e+00 -4.669719859088654061e+02
-1.769923328756117131e+00 2.630137906886535148e+00 -4.682457899876031888e+02
-1.774982426940451941e+00 2.633112937920645269e+00 -4.650683166110472939e+02
-1.777617741324770906e+00 2.637068383688806250e+00 -4.653292574939399628e+02
-1.758970063636120962e+00 2.601992483853319271e+00 -4.713239742422173890e+02
-1.780795699642169883e+00 2.642404248403500411e+00 -4.659306539592552099e+02
-1.761896924761388261e+00 2.620221357399981965e+00 -4.760117807663843337e+02
-1.747494499485888086e+00 2.582229727517914242e+00 -4.806997364249648399e+02
-1.760226239011127181e+00 2.616325948241651655e+00 -4.749719843745775165e+02
-1.767473238387457846e+00 2.615048035632819179e+00 -4.691580553108983054e+02
-1.756920728778815555e+00 2.608195690348369400e+00 -4.734682474356121702e+02
-1.800331817795449707e+00 2.677453480179951661e+00 -4.780477750571110960e+02
-1.789958711802263513e+00 2.660545832010788203e+00 -4.701607294048551466e+02
-1.783662876702898803e+00 2.647268034430993566e+00 -4.667865773325364671e+02
-1.741940408361384085e+00 2.570820452737512252e+00 -4.891919186859058186e+02
-1.800922071555863369e+00 2.678389189208131071e+00 -4.786062436530824584e+02
-1.758896458998081558e+00 2.603572792895933130e+00 -4.701382175197462630e+02
-1.736373055636132312e+00 2.570578102967393086e+00 -4.927436090995626046e+02
-1.772126924017231708e+00 2.622400167348898581e+00 -4.689807256523232581e+02
-1.765104399141575797e+00 2.616587809797464637e+00 -4.665718474354171690e+02
-1.775143115386589754e+00 2.636103764504388103e+00 -4.656952854530968011e+02
-1.751422152000533528e+00 2.592457364203127668e+00 -4.748938072512531221e+02
-1.800620479767883531e+00 2.672926038072243493e+00 -4.791144294626082001e+02
-1.786017296945023425e+00 2.646403097596677245e+00 -4.707004482386799964e+02
-1.779759007618710198e+00 2.637413236129036331e+00 -4.672400956404648582e+02
-1.790098799441404820e+00 2.662066690704415262e+00 -4.709710516005926593e+02
-1.798293747272369680e+00 2.665109589324082151e+00 -4.811489856471011421e+02
-1.750799618334510033e+00 2.595135106839454142e+00 -4.759809175774719847e+02
-1.764545630791847675e+00 2.623104697348137559e+00 -4.722669701593986247e+02
-1.753175618069821029e+00 2.586271036857008099e+00 -4.840654031920240072e+02
-1.756985780854867896e+00 2.607103237026165310e+00 -4.722684936395868931e+02
-1.729818123675790353e+00 2.564391432990286379e+00 -5.082593835505305719e+02
-1.786571102204634665e+00 2.651643566462040802e+00 -4.680622039595381239e+02
-1.760021723903523627e+00 2.611334599768622589e+00 -4.698105007587037107e+02
-1.782679938467419012e+00 2.651130198360990065e+00 -4.688449553397882710e+02
-1.780864766303760449e+00 2.637883974726619840e+00 -4.688010647137468823e+02
-1.766585552253539859e+00 2.611875918724198442e+00 -4.716078424175227610e+02
-1.775162489854988479e+00 2.632937438184767664e+00 -4.651222759142746668e+02
-1.760648040110854406e+00 2.609361728682282333e+00 -4.684555717107977557e+02
-1.771198433560097207e+00 2.638088496398298233e+00 -4.779299863870452896e+02
-1.756385175926419961e+00 2.598332744113947435e+00 -4.723443880618316371e+02
-1.768885091554097011e+00 2.627516101909365354e+00 -4.675555116585229030e+02
-1.792051563034363193e+00 2.668271024324635032e+00 -4.751519443982439839e+02
-1.784201459570604831e+00 2.662522717439509190e+00 -4.864474376416202404e+02
-1.780550656168930379e+00 2.656567547181900135e+00 -4.857822351134093424e+02
-1.750070507413012511e+00 2.585059301768489970e+00 -4.799381904659226734e+02
-1.774455644648323061e+00 2.636858718295938875e+00 -4.670245077911344538e+02
-1.775741538022486798e+00 2.635777079551848701e+00 -4.652310314005664509e+02
-1.768025182807804407e+00 2.618026766776462733e+00 -4.670878866990558436e+02
-1.779003501789094388e+00 2.642753798986467562e+00 -4.662119261985718026e+02
-1.764035992130035257e+00 2.618398403003998176e+00 -4.681811983122432252e+02
-1.767891990524862234e+00 2.616577476654764922e+00 -4.681756828472665575e+02
-1.773734520549761440e+00 2.620779264669606423e+00 -4.761715075073603884e+02
-1.794839709122968641e+00 2.659355339824573949e+00 -4.782970614187327101e+02
-1.788640674385021168e+00 2.658953028731798618e+00 -4.697219407331847947e+02
-1.756617740668807048e+00 2.602577035498418123e+00 -4.708101118945388066e+02
-1.767734018138485297e+00 2.625172604323298575e+00 -4.674548314776844791e+02
-1.790243487931546973e+00 2.660853160963896347e+00 -4.702591683821387392e+02
-1.798097287886160744e+00 2.673359962683329538e+00 -4.758678225859017061e+02
-1.773833870525864276e+00 2.641530184091178679e+00 -4.755948876572681456e+02
-1.764549080528681646e+00 2.615441727526823357e+00 -4.667766626693998546e+02
-1.781770877009973608e+00 2.641039181849881068e+00 -4.675390329993828118e+02
-1.764982767185766299e+00 2.611730288028625946e+00 -4.689603133446493075e+02
-1.778111921664052408e+00 2.644566604725063996e+00 -4.689956416115215347e+02
-1.747044445262391887e+00 2.583707198538307104e+00 -4.795181392117864903e+02
-1.745831713132139029e+00 2.595948525070518986e+00 -4.946311560768611457e+02
-1.781746571251110689e+00 2.646343835773724784e+00 -4.664079389525517172e+02
-1.772747861486613230e+00 2.613965117855202358e+00 -4.896948619154291009e+02
-1.786164699625730545e+00 2.649874408675583659e+00 -4.682509645172918908e+02
-1.742003060607310250e+00 2.571531295277178941e+00 -4.883337500696778193e+02
-1.778552654979679515e+00 2.640533133552653844e+00 -4.655582744098632588e+02
-1.771060261727234186e+00 2.631075744783242243e+00 -4.671283136482049940e+02
-1.774773462693096437e+00 2.637344541266941622e+00 -4.669873917320728651e+02
-1.776059048211709568e+00 2.634578399943077631e+00 -4.651541363024775819e+02
-1.807701712540979777e+00 2.690794587078212619e+00 -4.866358850055059406e+02
-1.763715867823610006e+00 2.611506595625499028e+00 -4.679288562879304436e+02
-1.777195493593630715e+00 2.630383266137368725e+00 -4.697737107997579642e+02
-1.793109895115755803e+00 2.665173647712953287e+00 -4.719560736420613694e+02
-1.750509966805087858e+00 2.597697089010291283e+00 -4.788179233751636730e+02
-1.766027809967534390e+00 2.620919978312664433e+00 -4.669788530837270741e+02
-1.758995935063339733e+00 2.601582947256226408e+00 -4.717344550129705567e+02
-1.780021748469713394e+00 2.646570325952465552e+00 -4.680236611190601934e+02
-1.765231120492128269e+00 2.615580084886331758e+00 -4.667196634681068304e+02
-1.775628171910093700e+00 2.639075044021504723e+00 -4.672948916537940249e+02
-1.752907498647535478e+00 2.593337691955800217e+00 -4.743173591544648389e+02
-1.769505167977952320e+00 2.615287530886784229e+00 -4.734085772912849848e+02
-1.768846873248814733e+00 2.616625238669558318e+00 -4.697534953488518568e+02
-1.763067733593970399e+00 2.618999371702194434e+00 -4.706728853959055527e+02
-1.766231705918585915e+00 2.618855476913523717e+00 -4.662166782422055462e+02
-1.770018215623941904e+00 2.628050933942894130e+00 -4.663068852516929041e+02
-1.771076698290977802e+00 2.628310164555200057e+00 -4.654550966868261526e+02
-1.790577070024623962e+00 2.662294304769703857e+00 -4.708928092023909926e+02
-1.794400584179500546e+00 2.677962188753157946e+00 -4.878770759033423019e+02
-1.771260089457543874e+00 2.619594831165097393e+00 -4.709235799118192176e+02
-1.771774303880716106e+00 2.638358354689205765e+00 -4.763125411810297010e+02
-1.775531044106134493e+00 2.643087708958297810e+00 -4.730928979204406915e+02
-1.776112010362347338e+00 2.623671014510976729e+00 -4.786857085482230900e+02
-1.769895563638370417e+00 2.624799707623195921e+00 -4.653807636185890146e+02
-1.804813018789499512e+00 2.678911609462242716e+00 -4.842616625649087041e+02
-1.768727555422735298e+00 2.621774091173836307e+00 -4.657077960405744079e+02
-1.769783315207375418e+00 2.615999763839333525e+00 -4.729313828720830770e+02
-1.771507575675797863e+00 2.633398040263148054e+00 -4.687299145212671760e+02
-1.770030976862488448e+00 2.611218370181754178e+00 -4.846080631278617830e+02
-1.783208791161436269e+00 2.642618649107825402e+00 -4.686800995445175317e+02
-1.763951092399078657e+00 2.611296137562697073e+00 -4.682328703169885102e+02
-1.760793483781142976e+00 2.602176300590144375e+00 -4.737743420102869436e+02
-1.794484066943522471e+00 2.655487351139615981e+00 -4.838820677040107512e+02
-1.781318271305184053e+00 2.645903116575750502e+00 -4.663907481214512245e+02
-1.765453164395592189e+00 2.621041919175941981e+00 -4.678698732982098818e+02
-1.785352069926119611e+00 2.659400938471024212e+00 -4.751418454603476675e+02
-1.796463160327649966e+00 2.664778755352869233e+00 -4.763533921940048117e+02
-1.766061381148976039e+00 2.615558137868736033e+00 -4.670596291495795072e+02
-1.751434056846601139e+00 2.595558393808639064e+00 -4.751266705268253077e+02
-1.759507750704346396e+00 2.604001130261071495e+00 -4.701626925255999367e+02
-1.762758549404459529e+00 2.613456480150055494e+00 -4.675137408198232833e+02
-1.781159638181167404e+00 2.642146368612516838e+00 -4.662257459349086730e+02
-1.787888682166308474e+00 2.652591281921194977e+00 -4.691530106369161786e+02
-1.793513016001011096e+00 2.663697618676482470e+00 -4.720636027243790522e+02
-1.784916759111655482e+00 2.651676115019895974e+00 -4.675016403945275556e+02
-1.781791955539062666e+00 2.646155582152434960e+00 -4.663391633638745475e+02
-1.735511280397881162e+00 2.557304747624991048e+00 -5.020092779411324386e+02
-1.758899602724175226e+00 2.614457828300975173e+00 -4.763181660206840320e+02
-1.777232575094983114e+00 2.643906335134991181e+00 -4.699503947871646687e+02
-1.769020210606284005e+00 2.623282497590930351e+00 -4.655337136414637484e+02
-1.781661715941271984e+00 2.641071561396466372e+00 -4.673506370732268351e+02
-1.772926188573914041e+00 2.633105000206195978e+00 -4.661246803041648263e+02
-1.764464359184005460e+00 2.615163328346382876e+00 -4.668191685363780152e+02
-1.779930663536713142e+00 2.642269694151373471e+00 -4.657161920965085073e+02
-1.752925726713578047e+00 2.601931489673858788e+00 -4.769335399594070850e+02
-1.789245968703509382e+00 2.653492819378028944e+00 -4.707330461897032023e+02
-1.772527644497618793e+00 2.629263940770554697e+00 -4.650950100594505443e+02
-1.776375344431208037e+00 2.643273412415385160e+00 -4.710600061689529525e+02
-1.777018502884154971e+00 2.635295228951179514e+00 -4.654300067411181203e+02
-1.790917145454880677e+00 2.661382726301289914e+00 -4.704685850347927385e+02
-1.790248547114714706e+00 2.656984891006120453e+00 -4.702590726965450472e+02
-1.767510339084485071e+00 2.617769741521070781e+00 -4.667971370971350211e+02
-1.756843644141368177e+00 2.615960645066896184e+00 -4.886417498241094677e+02
-1.783791218476190821e+00 2.654525335815225429e+00 -4.710055675377797115e+02
-1.791890948265922212e+00 2.657154748011116396e+00 -4.729738131875286058e+02
-1.791829562547749832e+00 2.661692426325882543e+00 -4.708665931268428722e+02
-1.778660760820794273e+00 2.636410736752484496e+00 -4.664273612751869109e+02
-1.794577449031180105e+00 2.664479758572836143e+00 -4.730821718025452469e+02
-1.765023619269003863e+00 2.617535682278553821e+00 -4.666857626208408192e+02
-1.746505471595436454e+00 2.588460498049413694e+00 -4.804935533612759855e+02
-1.759851111468452745e+00 2.603681122861419173e+00 -4.706610498313651760e+02
-1.756719560707588057e+00 2.604924895021491604e+00 -4.713027437010190965e+02
-1.788913964644078591e+00 2.661303779047347273e+00 -4.712988002746820939e+02
-1.769956328497356068e+00 2.623680819212372839e+00 -4.655260277920302769e+02
-1.777458217541505681e+00 2.630840616341018290e+00 -4.697827904578910534e+02
-1.773144886887355609e+00 2.633226001590011300e+00 -4.659599779427217072e+02
-1.791511678624430726e+00 2.659365066701783853e+00 -4.709416389924122086e+02
-1.766477940128902357e+00 2.620714346469683598e+00 -4.664222829044113610e+02
-1.755690916415174607e+00 2.598475098960004726e+00 -4.720076800842920193e+02
-1.774891884734398628e+00 2.631318529647478588e+00 -4.654238668471431311e+02
-1.790634524394013605e+00 2.659327389548131304e+00 -4.701149540114070646e+02
-1.775978713545074195e+00 2.639340042185203572e+00 -4.670191504807923479e+02
-1.785705993384682611e+00 2.652465919627738256e+00 -4.676771219032012823e+02
-1.779875232016423725e+00 2.643349409651808202e+00 -4.659913089410877092e+02
-1.765712706474603211e+00 2.615243646566160152e+00 -4.670194212066883210e+02
-1.778817074335700577e+00 2.638636036657124873e+00 -4.655975932850175241e+02
-1.754038367205421833e+00 2.590779698008727649e+00 -4.779951082016642658e+02
-1.791243457272470696e+00 2.657321863559810815e+00 -4.715712476195354839e+02
-1.765116936239940149e+00 2.620189606719514952e+00 -4.677715883266017158e+02
-1.749965664922814801e+00 2.592349394630390158e+00 -4.761992919927298544e+02
-1.778122624283115405e+00 2.640451655894303418e+00 -4.656875857993831573e+02
-1.792027904576755093e+00 2.668847764315912752e+00 -4.759835388120067705e+02
-1.756555416741550024e+00 2.598132925660961323e+00 -4.726203239370717029e+02
-1.756924143967714347e+00 2.599759628758157248e+00 -4.716298688011516447e+02
-1.765793825759032654e+00 2.610199716912878110e+00 -4.723640373062093545e+02
-1.776204361244644536e+00 2.639843520723976766e+00 -4.671480697268764288e+02
-1.759014638262637487e+00 2.615724045682568111e+00 -4.781921521580835019e+02
-1.783257789729298937e+00 2.654757403357964396e+00 -4.724390157800169732e+02
-1.777870115250469008e+00 2.639914980575436054e+00 -4.656100943751782779e+02
-1.788152263086519866e+00 2.664775681686926134e+00 -4.777501514022259812e+02
-1.778542601676827317e+00 2.651458695034174529e+00 -4.806453519100920744e+02
-1.748098866168919852e+00 2.582661342159682238e+00 -4.807005020689892945e+02
-1.773353931381032034e+00 2.629348313103631707e+00 -4.652251683048424411e+02
-1.765689804295837106e+00 2.621067657894007752e+00 -4.675232491086469508e+02
-1.769639610118992845e+00 2.620547377216104756e+00 -4.669179352036990736e+02
-1.765640957730088445e+00 2.610977637165102117e+00 -4.709076045052314043e+02
-1.755032535933455984e+00 2.600328996927571801e+00 -4.719397906089322987e+02
-1.804611488456755897e+00 2.684836188461256157e+00 -4.826015320317083592e+02
-1.783147350065164671e+00 2.648392224520764948e+00 -4.667507546727868544e+02
-1.777782776881866367e+00 2.643046675213379437e+00 -4.678559304234898377e+02
-1.785052677133280641e+00 2.650010288558156457e+00 -4.672776416006361728e+02
-1.762512242346926161e+00 2.619958635818801174e+00 -4.735137318132141218e+02
-1.765620779970156207e+00 2.621873416969003223e+00 -4.682666211161972001e+02
-1.752233318982811427e+00 2.603369245943373045e+00 -4.813191522001060321e+02
-1.778154599043159978e+00 2.639482905923411504e+00 -4.654177650229858614e+02
-1.774880384573077619e+00 2.638812148514107392e+00 -4.683128522920177943e+02
-1.763894906246489036e+00 2.612600486512994369e+00 -4.674566945100046951e+02
-1.749935620326367403e+00 2.590294824046276201e+00 -4.761432575347476472e+02
-1.781174931654317284e+00 2.637677826354266841e+00 -4.697204107898037364e+02
-1.770503269503845845e+00 2.631877865164697905e+00 -4.690546945219265922e+02
-1.768195597232529837e+00 2.615666551016154528e+00 -4.697128208420089095e+02
-1.770074831899367318e+00 2.624745669224398004e+00 -4.653667031810816752e+02
-1.756066401875331806e+00 2.586582615067733570e+00 -4.935072767073181126e+02
-1.776589871770833051e+00 2.642358771738110068e+00 -4.692496376004444301e+02
-1.771241101914364569e+00 2.643750295018450380e+00 -4.941608426319236855e+02
-1.752015001405264005e+00 2.601924373380898103e+00 -4.797549852084096074e+02
-1.780920193147825570e+00 2.647856841031209996e+00 -4.680263790451630257e+02
-1.791482021118625312e+00 2.674503032221915877e+00 -4.896194555312071088e+02
-1.813019923153800450e+00 2.695623448121850174e+00 -4.929785107459193227e+02
-1.767496261795954426e+00 2.614457793016949250e+00 -4.699168063614316111e+02
-1.772234155803685374e+00 2.633643562318328524e+00 -4.675835928786214026e+02
-1.778242446703113933e+00 2.643735450986333557e+00 -4.678388555414197754e+02
-1.782226764175581568e+00 2.635071063567018701e+00 -4.772953150542979870e+02
-1.753735144210781804e+00 2.605826220611536570e+00 -4.799680832581826735e+02
-1.804333520266659496e+00 2.675444073185700322e+00 -4.867560032126116880e+02
-1.780733626376577616e+00 2.644973671054811071e+00 -4.662604098388239890e+02
-1.741624916340228424e+00 2.569659506971326834e+00 -4.904646720533667690e+02
-1.773242576644082691e+00 2.635685144703791227e+00 -4.678945963654763318e+02
-1.740123772982576034e+00 2.574447155516705443e+00 -4.869384662900573630e+02
-1.776537678237726237e+00 2.637144985393283125e+00 -4.652986978533432989e+02
-1.768206621014253299e+00 2.623850653600184657e+00 -4.660648577408711049e+02
-1.766340303783424215e+00 2.617395473883660451e+00 -4.663882382867256524e+02
-1.770514969673370631e+00 2.620079819108605435e+00 -4.686769412718605849e+02
-1.787716902281800468e+00 2.660057767985559707e+00 -4.714452138659045204e+02
-1.785608721052217795e+00 2.647551679431667804e+00 -4.688367393707690667e+02
-1.803070585905003131e+00 2.688817359395817785e+00 -4.880464413131878132e+02
-1.757820615348005822e+00 2.605585586543240684e+00 -4.701733763366874541e+02
-1.764167668740524997e+00 2.609623500545451336e+00 -4.700208349574494378e+02
-1.759824871857107009e+00 2.609953879901631524e+00 -4.693458863137931303e+02
-1.775026537701041685e+00 2.627367829790112186e+00 -4.688041625539414099e+02
-1.784948092589773161e+00 2.641144471421683182e+00 -4.752914489817177923e+02
-1.758800579092949290e+00 2.606018262638485350e+00 -4.694563613015315013e+02
-1.773279071666465034e+00 2.632029726657509006e+00 -4.653010238997829333e+02
-1.767476886195840091e+00 2.630776429752343493e+00 -4.762905080684867585e+02
-1.774773956577522904e+00 2.640973342518281974e+00 -4.715977790553111504e+02
-1.749032118717009032e+00 2.588378779490397630e+00 -4.770651498493072609e+02
-1.787556617727963593e+00 2.645264583316149221e+00 -4.769049944741640843e+02
-1.772653942393457083e+00 2.623660602687696741e+00 -4.684933359728671576e+02
-1.786315534242563619e+00 2.646930933175802192e+00 -4.708015253699818459e+02
-1.759987282537699427e+00 2.608040519570960836e+00 -4.687974888777790170e+02
-1.784626802158442160e+00 2.652679003917134182e+00 -4.681233479753872757e+02
-1.801687280848048633e+00 2.686051953927619529e+00 -4.858086764038718570e+02
-1.771356241791347763e+00 2.626527355721901102e+00 -4.652459279334791518e+02
-1.785021766635230822e+00 2.648597469935218385e+00 -4.675177562783108556e+02
-1.762110474918428871e+00 2.610274963247162905e+00 -4.679568624255001055e+02
-1.767471986989801680e+00 2.618554646687261123e+00 -4.663567571999448091e+02
-1.767947640336195780e+00 2.632752736216527278e+00 -4.787952979678666452e+02
-1.800199772306763091e+00 2.691515082694795780e+00 -5.042945786197116149e+02
-1.782972666659506711e+00 2.644029370332470208e+00 -4.672674619344178382e+02
-1.774277073541383531e+00 2.625848783790417862e+00 -4.691158254862629633e+02
-1.793077499708171541e+00 2.667858008188340957e+00 -4.735365710193849509e+02
-1.758523491818183349e+00 2.607025731721943185e+00 -4.698160472139439889e+02
-1.788748860512180627e+00 2.664354561428154078e+00 -4.755234883615948434e+02
-1.760371813937905872e+00 2.605875336021809652e+00 -4.694405867707436641e+02
-1.746492647458979253e+00 2.577943189690260706e+00 -4.848809783296581486e+02
-1.768741097227378045e+00 2.628900850402501099e+00 -4.693365238249309073e+02
-1.765446275626877837e+00 2.618955825266196413e+00 -4.667312650176331204e+02
-1.775241754636577518e+00 2.628070879015040884e+00 -4.684041210754294866e+02
-1.781245240245147965e+00 2.639492185347651620e+00 -4.679418438277760970e+02
-1.784680708220623746e+00 2.645434341951336421e+00 -4.689050881391696635e+02
-1.788413417616053547e+00 2.656981802142759364e+00 -4.689731158088665666e+02
-1.779769214707669134e+00 2.632236420945122557e+00 -4.741349350220619385e+02
-1.768758931479417873e+00 2.629355555663549282e+00 -4.698810609836860976e+02
-1.762477006302127114e+00 2.613210704545045004e+00 -4.676724845499167600e+02
-1.767968604901965612e+00 2.621506654929513846e+00 -4.657552723041398508e+02
-1.786674233882445950e+00 2.645159659192356738e+00 -4.741363529928394200e+02
-1.776250499907903180e+00 2.634905241244615670e+00 -4.651680582690276538e+02
-1.766731125348276699e+00 2.619517970982994548e+00 -4.660690160623183260e+02
-1.775807623094836751e+00 2.637440454831105452e+00 -4.658463873065619509e+02
-1.804979695785749128e+00 2.678777284213913479e+00 -4.848221078854799089e+02
-1.790207655187841196e+00 2.665211289968465458e+00 -4.740158994848343355e+02
-1.771392772054708020e+00 2.623583423896464151e+00 -4.666149769556283218e+02
-1.776780361015121157e+00 2.630784008256332296e+00 -4.683634883835512142e+02
-1.755623152733256642e+00 2.598048096728557077e+00 -4.722154839272775462e+02
-1.774211053579651809e+00 2.638777746666792101e+00 -4.696908500073871551e+02
-1.789994414713740545e+00 2.652531669044581264e+00 -4.733434826603229908e+02
-1.764311842347848769e+00 2.622030706680674061e+00 -4.713725168277688340e+02
-1.770413124104981417e+00 2.616196758152997237e+00 -4.744113414693684945e+02
-1.767872262188340704e+00 2.622759391860173928e+00 -4.659655141085367518e+02
-1.771399296383181055e+00 2.626569999614587925e+00 -4.652461073107962761e+02
-1.751616118120103316e+00 2.585743415517650856e+00 -4.814044603833302176e+02
-1.774165989801728793e+00 2.631376292753588420e+00 -4.650863946941020686e+02
-1.775639729066637251e+00 2.627290197462797128e+00 -4.703159739149732559e+02
-1.791341499363311884e+00 2.660356375268846385e+00 -4.705653728957961448e+02
-1.790504037761757816e+00 2.653265501720848629e+00 -4.737902037326848017e+02
-1.785614945834905321e+00 2.650829497672645640e+00 -4.675187369284853958e+02
-1.776688615453978493e+00 2.634103626620939664e+00 -4.656308432659670302e+02
-1.769654929497499474e+00 2.622099826063157835e+00 -4.659619035073690156e+02
-1.751985801332581971e+00 2.595134912032760255e+00 -4.743115455972845211e+02
-1.752582021919618205e+00 2.606929614543763929e+00 -4.871196411267753774e+02
-1.754170726010867654e+00 2.598188225841927324e+00 -4.725394786122993196e+02
-1.785039478258003687e+00 2.653943372207726359e+00 -4.686936751534185532e+02
-1.766936124785806417e+00 2.612427815277725163e+00 -4.715688941538032850e+02
-1.788824219686345307e+00 2.666500818817562291e+00 -4.793167013836165324e+02
-1.756358109204761986e+00 2.608168259076082851e+00 -4.749335232044340955e+02
-1.745245615727019972e+00 2.572764755690940319e+00 -4.916714159743952450e+02
-1.804474288523035597e+00 2.681168773624955204e+00 -4.822486088649301337e+02
-1.766596494193813260e+00 2.608381127705770908e+00 -4.780611858721164253e+02
-1.749837536034725582e+00 2.589842586723805073e+00 -4.762883492643994146e+02
-1.770127342245159108e+00 2.623389584124679264e+00 -4.656796052258696932e+02
-1.779370495271677566e+00 2.633398736141767227e+00 -4.710082102825987249e+02
-1.789952660796708006e+00 2.656444715940636581e+00 -4.701026709826983847e+02
-1.759681275725953897e+00 2.605062636271624932e+00 -4.696125109416609007e+02
-1.757750189503991978e+00 2.602727986315557018e+00 -4.703437724632027539e+02
-1.785236952894651008e+00 2.655703593388731854e+00 -4.700833163983326699e+02
-1.777686156142611162e+00 2.643616226929693003e+00 -4.686509087064703749e+02
-1.753533177345385496e+00 2.602045141995929622e+00 -4.754505972277625006e+02
-1.775894415734256437e+00 2.634917939904856787e+00 -4.651072267730150429e+02
-1.781871813712769148e+00 2.657059413936723402e+00 -4.814543656437620598e+02
-1.781566003406663823e+00 2.642909442200011672e+00 -4.663094856513526452e+02
-1.755744655536020993e+00 2.595475329691774746e+00 -4.744271609987265492e+02
-1.765118552125248375e+00 2.605218428981972423e+00 -4.800325159762634257e+02
-1.765868059056882489e+00 2.632969355952698098e+00 -4.895224901109250482e+02
-1.759347499968795026e+00 2.610533006083659124e+00 -4.704089130456447947e+02
-1.760477421108793461e+00 2.610541615810804128e+00 -4.688056486027448955e+02
-1.760599051358757494e+00 2.612431831326754939e+00 -4.695914074605022961e+02
-1.793877070699687604e+00 2.659031148073407014e+00 -4.758719478793178155e+02
-1.791948126088900528e+00 2.659316308587811317e+00 -4.715508475041743282e+02
-1.795394854047211997e+00 2.664472369322329559e+00 -4.743660601434294222e+02
-1.794615819866920647e+00 2.663214351017041626e+00 -4.737417228395871689e+02
-1.747145443858539204e+00 2.583362385999140365e+00 -4.797022524642516714e+02
-1.761455499955267623e+00 2.613411848458970788e+00 -4.688761518462684990e+02
-1.786448453405900416e+00 2.647114725432287319e+00 -4.709043594037559615e+02
-1.773487614920218336e+00 2.623892125341342751e+00 -4.699701292044979937e+02
-1.774576020307503610e+00 2.622371789777838025e+00 -4.757986425657810514e+02
-1.787060353881714247e+00 2.654625652721028128e+00 -4.682696663923473466e+02
-1.797026781436000142e+00 2.661602863900858207e+00 -4.822882158257006608e+02
-1.775335670776218899e+00 2.639380295380072905e+00 -4.681058385989555859e+02
-1.799341615360143587e+00 2.673447593848276238e+00 -4.768453598076198432e+02
-1.791969658852587299e+00 2.658523857641282184e+00 -4.720468410843491824e+02
-1.748206708103347662e+00 2.582559133149227470e+00 -4.809097698282484430e+02
-1.761767534740974694e+00 2.612291045754166596e+00 -4.680519062903967438e+02
-1.791219393213298039e+00 2.657479959044007245e+00 -4.714284509400473553e+02
-1.758478661319516689e+00 2.608303047680081477e+00 -4.704172861752132917e+02
-1.773036859742579185e+00 2.634858014926397818e+00 -4.674049938679682441e+02
-1.778992448897177781e+00 2.645058849505908860e+00 -4.680315615851361031e+02
-1.764849122531291892e+00 2.613070898862159819e+00 -4.677264905993023376e+02
-1.775773641571621431e+00 2.632653175452897010e+00 -4.655224012110892318e+02
-1.773172510216276976e+00 2.631944724219105858e+00 -4.653349978914704366e+02
-1.764752288015285053e+00 2.612279748824326564e+00 -4.682141357826375270e+02
-1.753299362845364806e+00 2.602269384515991213e+00 -4.762943226519385576e+02
-1.774181325561842826e+00 2.625193277926904045e+00 -4.697737923980794790e+02
-1.764914719237075102e+00 2.624834061891936354e+00 -4.739393091270425202e+02
-1.752796429878267226e+00 2.595879259928524974e+00 -4.736122349098974382e+02
-1.762784629240888190e+00 2.610046458857785190e+00 -4.682452912136454870e+02
-1.792330911734037135e+00 2.668413848777217101e+00 -4.749257056530106524e+02
-1.778070207310424422e+00 2.633665783568046148e+00 -4.677602611661259857e+02
-1.745785335105008995e+00 2.596160855093840425e+00 -4.954069697121188369e+02
-1.764995838481634438e+00 2.612258224785112493e+00 -4.684881726944551019e+02
-1.786014694119589352e+00 2.652202758497695267e+00 -4.676925698996481060e+02
-1.761437382747058633e+00 2.604207591155167201e+00 -4.721566895886952011e+02
-1.766210661128352122e+00 2.622056592302791866e+00 -4.674412810331406263e+02
-1.783726341581860053e+00 2.647677947889690575e+00 -4.667785326290330659e+02
-1.765992880656667818e+00 2.620868004339907742e+00 -4.669931954556055871e+02
-1.762468939691362202e+00 2.608663308446134810e+00 -4.689367095064390014e+02
-1.789123781831470916e+00 2.670911588279269999e+00 -4.891976060441855907e+02
-1.788515041768909963e+00 2.649955957227547287e+00 -4.726431071544148494e+02
-1.784403660679137804e+00 2.633889771945001179e+00 -4.904650930716589414e+02
-1.750994042161699404e+00 2.586652632117819373e+00 -4.790776732832861171e+02
-1.776509553515166484e+00 2.646130625979953077e+00 -4.759278596874904679e+02
-1.767532625675947155e+00 2.614168817132761280e+00 -4.703678313719594257e+02
-1.765992069227680705e+00 2.618873993274783984e+00 -4.663255214187711317e+02
-1.792358829288568822e+00 2.662134952696589174e+00 -4.712258213523126642e+02
-1.768137486630295907e+00 2.624330207211000410e+00 -4.663471859593623776e+02
-1.774782466321708885e+00 2.634564655505001518e+00 -4.652993376921039044e+02
-1.774187797974868364e+00 2.632090194842044095e+00 -4.650484787452467685e+02
-1.766054953174289510e+00 2.612669201029151900e+00 -4.695370316104401240e+02
-1.779772785737013363e+00 2.647639191457172192e+00 -4.696568741149449124e+02
-1.780521608058143634e+00 2.641609985792110038e+00 -4.659238072631873138e+02
-1.783906808427382362e+00 2.637053201764079535e+00 -4.796661873821699942e+02
-1.782341546680860978e+00 2.647129230726346982e+00 -4.665168950649853059e+02
-1.788128322412577909e+00 2.658211298047629345e+00 -4.695164724622405856e+02
-1.778526002833918929e+00 2.646876819764083955e+00 -4.713202107744176033e+02
-1.772566462532038312e+00 2.626498535265569423e+00 -4.658938495591242486e+02
-1.780757349713352866e+00 2.636742156919566593e+00 -4.699098625341283650e+02
-1.781497080083466633e+00 2.652500093523626923e+00 -4.730247981993069857e+02
-1.782426989671878514e+00 2.640683913322596776e+00 -4.690432185952108171e+02
-1.775175689733479611e+00 2.628293037302704249e+00 -4.680259735184779970e+02
-1.762510731216463178e+00 2.610427295773186884e+00 -4.679580401455238530e+02
-1.761161960647012581e+00 2.604473775004379821e+00 -4.714035897364044558e+02
-1.786481844069581770e+00 2.659437811539695051e+00 -4.726677845864772962e+02
-1.760224742084079308e+00 2.606591092048741842e+00 -4.690461691597287768e+02
-1.772958956331295965e+00 2.625847146543335064e+00 -4.667964876862340589e+02
-1.771206240768973261e+00 2.626138867353813744e+00 -4.652842964629728613e+02
-1.763401973203843953e+00 2.617155253095187373e+00 -4.683084545230727826e+02
-1.780996438074934352e+00 2.646692796993268093e+00 -4.670109948656638608e+02
-1.757151210824555942e+00 2.605905313181534844e+00 -4.711496288823450413e+02
-1.789891753219957193e+00 2.657817251943620285e+00 -4.696922057139032631e+02
-1.793822655919734332e+00 2.674880613535167040e+00 -4.825739487845523854e+02
-1.790097705935854933e+00 2.657696995816054120e+00 -4.698833495258635935e+02
-1.781034549816983281e+00 2.641687401002443814e+00 -4.662797614473554972e+02
-1.763256963536534050e+00 2.617043851533237930e+00 -4.684591052493392453e+02
-1.772324950943220179e+00 2.619594652511895827e+00 -4.738691560449249778e+02
-1.812297339985066591e+00 2.694758246176377714e+00 -4.918976414810275628e+02
-1.773328758463078136e+00 2.626748716999946609e+00 -4.665568058054144558e+02
-1.769177823860857979e+00 2.615580782190265019e+00 -4.720285489125092226e+02
-1.778842147659311701e+00 2.636004301438036990e+00 -4.669614749144488428e+02
-1.784680814992919862e+00 2.650070474609749649e+00 -4.671451046275536783e+02
-1.793743978654310567e+00 2.653535763031963146e+00 -4.849038299825969034e+02
-1.760901487295910561e+00 2.603343079958503115e+00 -4.723662970299528752e+02
-1.786301551854369674e+00 2.646604622595912115e+00 -4.711374530005318206e+02
-1.789057548627392524e+00 2.656975583600109214e+00 -4.691920886182159620e+02
-1.753653389877778634e+00 2.592363365236867168e+00 -4.755074733982992257e+02
-1.775269077253923911e+00 2.630801674451935135e+00 -4.660152402535042029e+02
-1.776903284928685434e+00 2.629595978050406568e+00 -4.701528152176264825e+02
-1.759672174842276560e+00 2.602569743662887625e+00 -4.715133348140836347e+02
-1.770396711556823988e+00 2.625722845403893668e+00 -4.653068105718239167e+02
-1.787527284797505001e+00 2.659991974181638241e+00 -4.716349210380630552e+02
-1.751277988611222192e+00 2.582148413976868451e+00 -4.876018867579924745e+02
-1.750882025950353249e+00 2.588120981977390933e+00 -4.773588237321901033e+02
-1.758312563634423897e+00 2.606346719306884996e+00 -4.698595072259651602e+02
-1.743036677459383066e+00 2.580979779268650631e+00 -4.835873195189420812e+02
-1.765112207946514244e+00 2.613137619812862855e+00 -4.678989686098792617e+02
-1.771806683586175435e+00 2.627296785241897581e+00 -4.652014655327771493e+02
-1.750042323336601591e+00 2.591201065560976513e+00 -4.759810410377496055e+02
-1.782896405303677545e+00 2.650315162160998383e+00 -4.678779760659209046e+02
-1.789939355841046575e+00 2.664058753223485621e+00 -4.729833951604598496e+02
-1.768102396102018359e+00 2.619763868060407397e+00 -4.661439629529171498e+02
-1.771818735402411527e+00 2.632832505954862512e+00 -4.675034964765538348e+02
-1.751797137300535212e+00 2.588499055497098134e+00 -4.777973174743511890e+02
-1.772997180521064475e+00 2.625205708964057916e+00 -4.674351402079452100e+02
-1.779477531545519575e+00 2.650731608541625928e+00 -4.755713893930754921e+02
-1.771810694702488531e+00 2.630045351234049811e+00 -4.655630725506419481e+02
-1.775377485817085654e+00 2.635858526511379640e+00 -4.654228242854119912e+02
-1.761534564437590600e+00 2.612030093795503660e+00 -4.681949958723411100e+02
-1.780335360595293404e+00 2.637277516748058659e+00 -4.683770348576072706e+02
-1.784206516894967010e+00 2.656594668802532144e+00 -4.731728714770730448e+02
-1.776821324093358578e+00 2.632903022568323870e+00 -4.664649902798504399e+02
-1.792479845345968270e+00 2.669492651631248936e+00 -4.761304899656630596e+02
-1.771824956830950315e+00 2.631288056970782385e+00 -4.662188504464215271e+02
-1.787674671413607586e+00 2.643258685769561467e+00 -4.815145761536695090e+02
-1.762980943649641752e+00 2.609860449957104311e+00 -4.684824415920629690e+02
-1.771617452613335031e+00 2.627992349314133946e+00 -4.651727930553610690e+02
-1.769270851463231153e+00 2.621894997584078624e+00 -4.658411907059759756e+02
-1.791689113935487798e+00 2.658401092731974114e+00 -4.716455776613761941e+02
-1.771119626070378095e+00 2.638971484709019766e+00 -4.803925253377776698e+02
-1.770839511898910645e+00 2.626077136750607277e+00 -4.652588745413320908e+02
-1.810554825103942500e+00 2.695590042138209519e+00 -4.903219582851166933e+02
-1.778111671663599846e+00 2.630126413799018348e+00 -4.726460638550589692e+02
-1.793184674533736089e+00 2.665551643339000076e+00 -4.720919655011495024e+02
-1.767262516520363480e+00 2.621017239069690863e+00 -4.659689571869626548e+02
-1.790817224731253487e+00 2.654238280854283705e+00 -4.734473901687733246e+02
-1.778032293952344745e+00 2.646129478321824990e+00 -4.713707269716631458e+02
-1.757808568291227891e+00 2.601700090043920444e+00 -4.708038174756802619e+02
-1.793952938493756699e+00 2.661322262933508487e+00 -4.737911220623817599e+02
-1.768514155674912880e+00 2.612900165628462279e+00 -4.749355008909877256e+02
-1.778213151727178865e+00 2.637570527651490249e+00 -4.655113474068579649e+02
-1.773810183499322513e+00 2.631038989638846193e+00 -4.650623635098024238e+02
-1.734469092005701318e+00 2.574952391180404199e+00 -5.055798233380862712e+02
-1.784235660177410310e+00 2.651198768911269710e+00 -4.675085927046035863e+02
-1.743302994287803553e+00 2.580063613708236669e+00 -4.830161598069402089e+02
-1.774777170190139142e+00 2.628818087185440522e+00 -4.668505609032948769e+02
-1.818820586290257113e+00 2.714494949365912735e+00 -5.084804704297951048e+02
-1.753892148876313950e+00 2.592582668974565685e+00 -4.755159195470937448e+02
-1.775269796349329576e+00 2.637898038524626010e+00 -4.667623193834766653e+02
-1.768905651477510776e+00 2.622466610741209347e+00 -4.656023749994895411e+02
-1.773982985265688983e+00 2.629132880640047354e+00 -4.657110138937540569e+02
-1.774765029328277954e+00 2.629650674027675716e+00 -4.661961335354543507e+02
-1.778888641884400768e+00 2.635346324449983957e+00 -4.675979914287956944e+02
-1.761461926359374486e+00 2.615815755616206939e+00 -4.708556078217982304e+02
-1.798770958369285466e+00 2.681219681797190724e+00 -4.830419988377437903e+02
-1.753445736554182899e+00 2.598152535051053924e+00 -4.732221617228256036e+02
-1.790038291967537942e+00 2.649547506561188204e+00 -4.780009594259126970e+02
-1.794308535532985971e+00 2.668631853938758347e+00 -4.734841926020428104e+02
-1.748349128529881780e+00 2.593999499883293591e+00 -4.808040627126439404e+02
-1.773760285664158776e+00 2.622973317006792371e+00 -4.720927991662872500e+02
-1.775877259974098177e+00 2.646250823358483828e+00 -4.785340249086654012e+02
-1.759662363992941625e+00 2.599111993660116138e+00 -4.761996717843805982e+02
-1.756802207361425117e+00 2.603121508543226881e+00 -4.707023298750272602e+02
-1.773730640374050704e+00 2.639077869774906659e+00 -4.713585754667074070e+02
-1.786813592836534736e+00 2.648108584115603126e+00 -4.706640076493436595e+02
-1.771548179794088851e+00 2.623455223495685829e+00 -4.669115799938213627e+02
-1.778596305457945448e+00 2.639439111013223815e+00 -4.654225834197731047e+02
-1.781574644974871280e+00 2.641252103977409060e+00 -4.671053050144298027e+02
-1.788676542663034219e+00 2.654918465082983126e+00 -4.691778387854658945e+02
-1.769745803937731621e+00 2.629592400930630625e+00 -4.680116550584766628e+02
-1.776296460223732332e+00 2.631935387330992970e+00 -4.664804414061867419e+02
-1.770843835814305045e+00 2.624233279309329259e+00 -4.657291080129135139e+02
-1.774928897244358872e+00 2.637807354499232648e+00 -4.671761033471524343e+02
-1.753301837819605469e+00 2.594880059181667420e+00 -4.735841651633098763e+02
-1.782566378721413214e+00 2.650808576112027914e+00 -4.686790185029103100e+02
-1.780350527594949606e+00 2.648292889248532678e+00 -4.693893008964998330e+02
-1.794175321646036769e+00 2.660292363192096943e+00 -4.752291774220548177e+02
-1.775050820736536528e+00 2.639323003147596935e+00 -4.685842993695032419e+02
-1.744786442443529095e+00 2.576884104092728833e+00 -4.843510802857051090e+02
-1.791014765432588529e+00 2.662966483007264795e+00 -4.711290620507658105e+02
-1.802300461323739666e+00 2.678037381221558544e+00 -4.797994336406731577e+02
-1.741686191176071929e+00 2.568243720161313970e+00 -4.928664014792791477e+02
-1.776709916517807075e+00 2.640296017185697064e+00 -4.668469468196381058e+02
-1.773750084411144678e+00 2.633334103725615716e+00 -4.654785857160550222e+02
-1.766476103947547616e+00 2.609007236980689814e+00 -4.763511991822817890e+02
-1.798792434621546477e+00 2.660931904358939892e+00 -4.914051930326962747e+02
-1.765961686570850731e+00 2.619753956029664987e+00 -4.665453066946676586e+02
-1.746747385832198463e+00 2.584980244604338395e+00 -4.792486298205385538e+02
-1.790958608975935729e+00 2.654120859929086418e+00 -4.739511846433561004e+02
-1.804060320367079528e+00 2.685643952487950514e+00 -4.830058742415993152e+02
-1.751519544621489288e+00 2.602230252657824039e+00 -4.820433540345391066e+02
-1.788572764398683290e+00 2.651469044277487530e+00 -4.711329683183297448e+02
-1.768076426332451545e+00 2.614834143912796449e+00 -4.705832243572139646e+02
-1.803014564407824816e+00 2.682120716631473112e+00 -4.808384707909839904e+02
-1.785066200357932509e+00 2.654981895414108006e+00 -4.695692593919408182e+02
-1.771985370801416604e+00 2.626073763998080679e+00 -4.656495315962176278e+02
-1.787980219261065429e+00 2.665127801971236998e+00 -4.789471105384338898e+02
-1.788788278690463418e+00 2.662187151651636885e+00 -4.723936351595292535e+02
-1.777568861708213266e+00 2.639956466104877109e+00 -4.657920047118823277e+02
-1.782000490909910972e+00 2.642205628339298062e+00 -4.670778264705588185e+02
-1.761808823213753650e+00 2.602519960767536666e+00 -4.754921039110595302e+02
-1.767659844608044706e+00 2.623410739427546101e+00 -4.664012125245476454e+02
-1.764164775661975160e+00 2.618447057446187554e+00 -4.680157444375178670e+02
-1.770976274802315009e+00 2.623960611110811136e+00 -4.659574877178491761e+02
-1.765467285905736983e+00 2.615580205913369038e+00 -4.667696408309756180e+02
-1.800286846007752573e+00 2.670101448978688730e+00 -4.808257822748337844e+02
-1.774037827400158918e+00 2.640348329931346605e+00 -4.726377658433006559e+02
-1.776618314825044065e+00 2.628207837539180414e+00 -4.714940494938439883e+02
-1.773844816612689668e+00 2.633007064100880257e+00 -4.652978473923990919e+02
-1.778362667238496009e+00 2.628720329848386328e+00 -4.761456504791074735e+02
-1.799753218467418092e+00 2.681395100617884442e+00 -4.817254537510414707e+02
-1.743416075066349435e+00 2.583895267825324193e+00 -4.844172657359490017e+02
-1.786269433415254460e+00 2.648516232594244180e+00 -4.692315684145663681e+02
-1.757723671396650644e+00 2.591884204581693663e+00 -4.856076402309740843e+02
-1.781966342422790062e+00 2.641540223386845465e+00 -4.674675079537568081e+02
-1.767103619427086381e+00 2.629182599336724824e+00 -4.744703798986519132e+02
-1.782824112881506329e+00 2.648286657770535957e+00 -4.667836188242103503e+02
-1.799730800646824447e+00 2.671807130094419058e+00 -4.780355644915197217e+02
-1.768841504855949820e+00 2.620131767229898934e+00 -4.664279889164013753e+02
-1.782574050340109517e+00 2.643129587016114446e+00 -4.672738882598269470e+02
-1.773651102318248185e+00 2.633336837034363498e+00 -4.655539599050607649e+02
-1.767398986411920392e+00 2.612558703427915852e+00 -4.724607928834228687e+02
-1.765751691956595648e+00 2.620526783722269215e+00 -4.671035143023084402e+02
-1.798735466361509161e+00 2.672205055677005170e+00 -4.763257528759755814e+02
-1.803382066289779928e+00 2.670144558653468447e+00 -4.923123817679475565e+02
-1.787400159068074146e+00 2.656844600301946357e+00 -4.690635654241115731e+02
-1.756745320867946436e+00 2.605860176664215100e+00 -4.717966561607884728e+02
-1.782938788381652984e+00 2.645058449177998039e+00 -4.667725554097407326e+02
-1.775700924023819294e+00 2.641210308377339278e+00 -4.696419687025594953e+02
-1.770201533666854843e+00 2.623841803873354639e+00 -4.655586616090126881e+02
-1.758300783363688558e+00 2.606949531056379055e+00 -4.700429904128853877e+02
-1.791686531022794959e+00 2.664714422301430297e+00 -4.719537562745783816e+02
-1.775258426988344018e+00 2.640249492767768658e+00 -4.693250504437698396e+02
-1.785417671925136229e+00 2.645881484822970808e+00 -4.699339979228430479e+02
-1.779965701808050582e+00 2.648744925602368738e+00 -4.707712871603885674e+02
-1.773674097491718227e+00 2.639008154760344560e+00 -4.714004650510144074e+02
-1.767446242961407510e+00 2.613726989476765183e+00 -4.707977255473748528e+02
-1.763586390992235797e+00 2.620204415976238987e+00 -4.708618321341345450e+02
-1.774692393745790797e+00 2.638682079991768514e+00 -4.685272074838892422e+02
-1.792011923176020538e+00 2.666108480051143648e+00 -4.728359893444949762e+02
-1.777868301702546061e+00 2.635375177461870333e+00 -4.661269656635204797e+02
-1.789887616729325615e+00 2.673614251176352319e+00 -4.939905307981617852e+02
-1.768288465036333745e+00 2.620807666383369927e+00 -4.658549503237532576e+02
-1.793025766047417369e+00 2.667573421154649349e+00 -4.733322531606319217e+02
-1.767302798644061479e+00 2.620540483992625180e+00 -4.659176054163653475e+02
-1.762750302952976522e+00 2.616878920434366318e+00 -4.692051776006620685e+02
-1.766161194706755699e+00 2.627250947696584404e+00 -4.740996930466238837e+02
-1.747215262229225852e+00 2.576566491535247749e+00 -4.886524714065058106e+02
-1.756527012488401152e+00 2.591644314688124506e+00 -4.822546580254568198e+02
-1.779256186530882911e+00 2.638608887997312191e+00 -4.659181361987231753e+02
-1.770990251395339721e+00 2.616083858327339584e+00 -4.765249871100609198e+02
-1.785163671043923816e+00 2.657405452464048690e+00 -4.723409537392443553e+02
-1.769213569181124823e+00 2.631205312474928615e+00 -4.713644844501327498e+02
-1.775835336986370194e+00 2.636203631799523883e+00 -4.653073213030936586e+02
-1.794135027063735288e+00 2.658105579854268097e+00 -4.778783702383910850e+02
-1.764479222675846337e+00 2.618944724964933801e+00 -4.678780940251668881e+02
-1.760359282147813786e+00 2.606039812382163756e+00 -4.693417312977859979e+02
-1.786679406842573314e+00 2.654861991179284786e+00 -4.683523093784702951e+02
-1.797452146937572159e+00 2.665662230945111677e+00 -4.779421407211674477e+02
-1.767435190462429029e+00 2.620088552570719376e+00 -4.659174643569229488e+02
-1.780925478936323136e+00 2.643568766206638720e+00 -4.659179471345638603e+02
-1.791096749352207640e+00 2.655088495419984707e+00 -4.731979065615877857e+02
-1.763822327132592793e+00 2.614641010875474514e+00 -4.670348372354665116e+02
-1.758927767665773079e+00 2.602175115196878608e+00 -4.711278837088294154e+02
-1.750924009982382401e+00 2.587066317720752018e+00 -4.784954668456363720e+02
-1.786223820457686351e+00 2.654031685153340980e+00 -4.681177090382524852e+02
-1.775268421796367013e+00 2.634473880033108451e+00 -4.651139096925175522e+02
-1.778060678166828446e+00 2.648453266571630937e+00 -4.755257579954079006e+02
-1.781424269815493178e+00 2.647733839534045952e+00 -4.673511956406551917e+02
-1.764900814605223411e+00 2.616970674757356452e+00 -4.666728130886954204e+02
-1.830792613279102587e+00 2.728026474685330882e+00 -5.239636708365351296e+02
-1.758064930241612478e+00 2.600843019562065095e+00 -4.715316446995888668e+02
-1.793025817663505661e+00 2.659218769105835101e+00 -4.735885551766107255e+02
-1.775113444046468869e+00 2.633771414694818791e+00 -4.650703597983356872e+02
-1.803429015668989388e+00 2.687433729006242000e+00 -4.853333969219867186e+02
-1.748241034429695029e+00 2.593047850293125123e+00 -4.800842572442625169e+02
-1.762126696697035255e+00 2.609703495498722159e+00 -4.681590103987435327e+02
-1.752950080325551552e+00 2.595896153781815929e+00 -4.734978449432699676e+02
-1.769389481475317272e+00 2.624017940847260810e+00 -4.654658716146603865e+02
-1.763792656505513534e+00 2.610129093120761468e+00 -4.690162386284492868e+02
-1.791650149910846590e+00 2.661950274374613734e+00 -4.707967224293672643e+02
-1.754962542469714837e+00 2.607822768861600249e+00 -4.789116398322722716e+02
-1.783217597309048719e+00 2.652588076173900689e+00 -4.696129794177908252e+02
-1.772823831438063102e+00 2.626793899279922240e+00 -4.659604487591717543e+02
-1.792126043109290467e+00 2.658733464168542948e+00 -4.721847867930953271e+02
-1.790062648259192368e+00 2.647602389051913363e+00 -4.820200563694883726e+02
-1.762913003201531437e+00 2.611583566968527226e+00 -4.676199076975260596e+02
-1.761407084267652801e+00 2.617448319331788564e+00 -4.730492064154996683e+02
-1.766564448872560034e+00 2.625844388086621795e+00 -4.706617896413428070e+02
-1.779217165502326781e+00 2.636510025452275308e+00 -4.671275693132789684e+02
-1.760077014733303580e+00 2.600564898450512530e+00 -4.747512477332128356e+02
-1.776110570114834308e+00 2.638437706704903629e+00 -4.661624829262881917e+02
-1.759419585196284830e+00 2.612666312777728539e+00 -4.722397120028169297e+02
-1.778299239652512131e+00 2.642079960690468798e+00 -4.663951693584554619e+02
-1.758399644597836486e+00 2.601358979778127800e+00 -4.713719673546777926e+02
-1.763863281837628971e+00 2.623325013718656340e+00 -4.747910955873437615e+02
-1.772594749152121896e+00 2.629011369574402401e+00 -4.651026868822311258e+02
-1.746235440145696538e+00 2.584331212442193326e+00 -4.797595311719384199e+02
-1.754091925101489258e+00 2.600602118147809616e+00 -4.732219477036400690e+02
-1.763165169868996962e+00 2.620863622328961196e+00 -4.729318508644182089e+02
-1.780479886252791522e+00 2.641957269846218370e+00 -4.658428214214341097e+02
-1.764681037598861080e+00 2.617536515103727535e+00 -4.669496813387438010e+02
-1.779881250965071215e+00 2.653673089749058800e+00 -4.808240701974237936e+02
-1.765784655560820982e+00 2.620664175320434719e+00 -4.671391926549225104e+02
-1.774858784328264605e+00 2.638989439758389288e+00 -4.685648978060170862e+02
-1.787527529915933888e+00 2.661993550317190316e+00 -4.743732276498084275e+02
-1.749389105487325846e+00 2.591803468402594124e+00 -4.768596048341495361e+02
-1.757995002887836833e+00 2.598235528973974251e+00 -4.742286449443101901e+02
-1.786756914826425291e+00 2.645287453393581956e+00 -4.741913789125476910e+02
-1.781929123265490800e+00 2.644190711244776448e+00 -4.662536062910846226e+02
-1.787294106375884262e+00 2.649566061617271373e+00 -4.702635651537902959e+02
-1.752090261053570019e+00 2.589211445013843260e+00 -4.773045282445343673e+02
-1.772489412503586159e+00 2.640939738548264692e+00 -4.794411864280855298e+02
-1.764148713123305123e+00 2.625281494965448381e+00 -4.775665532682125445e+02
-1.787656637848324959e+00 2.658930264147832734e+00 -4.703877027784562301e+02
-1.779706912878733727e+00 2.638859780517049280e+00 -4.662319909397195374e+02
-1.763417136662109197e+00 2.608699213476036949e+00 -4.699402615742559988e+02
-1.774100721366239419e+00 2.628291820444009996e+00 -4.663595933439320902e+02
